1 0.739451476793249 0.8512658227848101 0.19198312236286919 0.25105485232067504
1 0.6265822784810127 0.7415611814345991 0.1561181434599157 0.23839662447257393
1 0.43354430379746833 0.8554852320675106 0.12025316455696206 0.19198312236286919
1 0.3438818565400844 0.899789029535865 0.1308016877637131 0.1919831223628693
1 0.23417721518987344 0.7626582278481013 0.2278481012658228 0.3818565400843882
1 0.5954542042252104 0.7137374065999471 0.7478710883459541 0.3311121002759997
1 0.8261741862152174 0.4351259393883156 0.2961116782330875 0.24186221046519363
1 0.5108491548143341 0.4204333752011777 0.2802889168007851 0.3164552286460477
1 0.14014445840039258 0.5244115217563077 0.18987313718762863 0.8182628054990663
1 0.7380188010923898 0.2904606920072652 0.36844430192361266 0.5718798060532149
1 0.35714232947196817 0.36166311845262594 0.33001759558802124 0.5379738886982811
